1585037230
1585037691
1585038112
1585038512
1585038935
1585039362
1585039847
1585040256
1585040818
1585041294
1585041698
1585042139
1585042540
1585042959
1585043455
1585043879
1585044381
1585044791
1585045237
1585045659
1585046085
1585046514
1585046935
1585047403
1585047950
1585048335
1585048753
1585049203
1585049625
1585050060
1585050481
1585050904
1585051489
1585051875
1585052321
1585052719
1585053167
1585053586
1585054021
1585054428
1585054909
1585055331
1585055766
1585056171
1585056593
1585057072
1585057521
1585057913
1585058336
1585058791
1585059205
1585059638
1585060057
1585060495
1585060938
1585061339
1585061801
1585062348
1585062717
1585063144
1585063608
1585064042
1585064462
1585064876
1585065296
1585065845
1585066250
